% number of repeats:% 3
% enter first, last, inc:% 48 480 48 
data = [
%  n          reference      |         current implementation 
%        time       GFLOPS   |    time       GFLOPS     diff 
   480 5.8947e-03 3.7523e+01    3.1593e-02 7.0010e+00 3.5527e-13
   432 3.5452e-03 4.5482e+01    2.2939e-02 7.0293e+00 3.1264e-13
   384 2.5159e-03 4.5013e+01    1.8797e-02 6.0246e+00 1.9895e-13
   336 1.8911e-03 4.0119e+01    1.0882e-02 6.9715e+00 1.7053e-13
   288 1.0518e-03 4.5424e+01    6.8021e-03 7.0237e+00 1.1369e-13
   240 5.9750e-04 4.6273e+01    3.8558e-03 7.1705e+00 4.2633e-14
   192 3.1370e-04 4.5126e+01    1.8490e-03 7.6559e+00 2.8422e-14
   144 1.4005e-04 4.2641e+01    7.0914e-04 8.4214e+00 2.8422e-14
    96 4.8740e-05 3.6304e+01    2.0123e-04 8.7931e+00 1.4211e-14
    48 1.0569e-05 2.0928e+01    2.2397e-05 9.8756e+00 7.1054e-15
];

% Maximum difference between reference and your implementation: 3.552714e-13.
