% number of repeats:% 3
% enter first, last, inc:% 48 480 48 
data = [
%  n          reference      |         current implementation 
%        time       GFLOPS   |    time       GFLOPS     diff 
   480 5.1852e-03 4.2657e+01    2.9925e-02 7.3912e+00 3.5527e-13
   432 3.5141e-03 4.5884e+01    2.1417e-02 7.5288e+00 3.1264e-13
   384 2.5198e-03 4.4942e+01    1.5950e-02 7.1000e+00 1.9895e-13
   336 1.6783e-03 4.5204e+01    1.0185e-02 7.4485e+00 1.7053e-13
   288 1.0460e-03 4.5676e+01    6.2841e-03 7.6027e+00 1.1369e-13
   240 5.9197e-04 4.6705e+01    3.5692e-03 7.7463e+00 4.2633e-14
   192 3.1432e-04 4.5037e+01    1.7197e-03 8.2317e+00 2.8422e-14
   144 1.3982e-04 4.2712e+01    6.4186e-04 9.3041e+00 2.8422e-14
    96 4.8832e-05 3.6236e+01    1.8103e-04 9.7747e+00 1.4211e-14
    48 1.0422e-05 2.1223e+01    2.1579e-05 1.0250e+01 7.1054e-15
];

% Maximum difference between reference and your implementation: 3.552714e-13.
