% number of repeats:% 3
% enter first, last, inc:% 48 480 48 
data = [
%  n          reference      |         current implementation 
%        time       GFLOPS   |    time       GFLOPS     diff 
   480 6.1215e-03 3.6132e+01    3.0660e-02 7.2142e+00 3.5527e-13
   432 3.6039e-03 4.4742e+01    2.2676e-02 7.1107e+00 3.1264e-13
   384 2.5597e-03 4.4241e+01    1.6055e-02 7.0535e+00 1.9895e-13
   336 1.6644e-03 4.5581e+01    1.0439e-02 7.2678e+00 1.7053e-13
   288 1.0634e-03 4.4927e+01    6.4507e-03 7.4062e+00 1.1369e-13
   240 5.9774e-04 4.6254e+01    3.6880e-03 7.4968e+00 4.2633e-14
   192 3.1773e-04 4.4553e+01    1.8594e-03 7.6130e+00 2.8422e-14
   144 1.4162e-04 4.2169e+01    7.1220e-04 8.3853e+00 2.8422e-14
    96 4.9401e-05 3.5819e+01    2.0636e-04 8.5747e+00 1.4211e-14
    48 1.0606e-05 2.0855e+01    2.4541e-05 9.0128e+00 7.1054e-15
];

% Maximum difference between reference and your implementation: 3.552714e-13.
