% number of repeats:% 3
% enter first, last, inc:% 48 480 48 
data = [
%  n          reference      |         current implementation 
%        time       GFLOPS   |    time       GFLOPS     diff 
   480 5.3605e-03 4.1262e+01    2.2419e-01 9.8658e-01 3.5527e-13
   432 3.4726e-03 4.6432e+01    1.3144e-01 1.2267e+00 3.1264e-13
   384 2.5385e-03 4.4611e+01    2.3205e-01 4.8802e-01 1.9895e-13
   336 1.6308e-03 4.6522e+01    6.1281e-02 1.2380e+00 1.7053e-13
   288 1.1400e-03 4.1908e+01    4.3145e-02 1.1073e+00 1.1369e-13
   240 5.9622e-04 4.6372e+01    1.8402e-02 1.5025e+00 4.2633e-14
   192 3.1533e-04 4.4892e+01    1.4002e-02 1.0110e+00 2.8422e-14
   144 1.4156e-04 4.2187e+01    2.6800e-03 2.2283e+00 2.8422e-14
    96 4.9098e-05 3.6040e+01    8.7125e-04 2.0310e+00 1.4211e-14
    48 1.0583e-05 2.0900e+01    7.3086e-05 3.0264e+00 7.1054e-15
];

% Maximum difference between reference and your implementation: 3.552714e-13.
