% number of repeats:% 3
% enter first, last, inc:% 48 480 48 
data = [
%  n          reference      |         current implementation 
%        time       GFLOPS   |    time       GFLOPS     diff 
   480 5.5525e-03 3.9835e+01    1.3792e-01 1.6037e+00 3.5527e-13
   432 3.6190e-03 4.4555e+01    9.6383e-02 1.6729e+00 3.1264e-13
   384 2.4684e-03 4.5878e+01    7.8165e-02 1.4488e+00 1.9895e-13
   336 1.6969e-03 4.4708e+01    4.4549e-02 1.7030e+00 1.7053e-13
   288 1.0437e-03 4.5775e+01    2.7861e-02 1.7148e+00 1.1369e-13
   240 5.9443e-04 4.6512e+01    1.5956e-02 1.7328e+00 4.2633e-14
   192 3.1675e-04 4.4691e+01    8.3517e-03 1.6949e+00 2.8422e-14
   144 1.4128e-04 4.2270e+01    3.2167e-03 1.8565e+00 2.8422e-14
    96 4.9077e-05 3.6055e+01    9.1629e-04 1.9311e+00 1.4211e-14
    48 1.0658e-05 2.0753e+01    9.1506e-05 2.4172e+00 7.1054e-15
];

% Maximum difference between reference and your implementation: 3.552714e-13.
