% number of repeats:% 3
% enter first, last, inc:% 48 480 48 
data = [
%  n          reference      |         current implementation 
%        time       GFLOPS   |    time       GFLOPS     diff 
   480 5.1652e-03 4.2822e+01    3.0324e-02 7.2940e+00 3.5527e-13
   432 3.6951e-03 4.3637e+01    2.2108e-02 7.2933e+00 3.1264e-13
   384 2.4987e-03 4.5322e+01    1.5775e-02 7.1788e+00 1.9895e-13
   336 1.6554e-03 4.5830e+01    1.0336e-02 7.3398e+00 1.7053e-13
   288 1.0581e-03 4.5154e+01    6.5074e-03 7.3418e+00 1.1369e-13
   240 6.0195e-04 4.5931e+01    3.6447e-03 7.5858e+00 4.2633e-14
   192 3.1828e-04 4.4475e+01    1.8058e-03 7.8391e+00 2.8422e-14
   144 1.4298e-04 4.1769e+01    7.1729e-04 8.3257e+00 2.8422e-14
    96 4.9316e-05 3.5880e+01    2.1095e-04 8.3880e+00 1.4211e-14
    48 1.0808e-05 2.0465e+01    2.3540e-05 9.3961e+00 7.1054e-15
];

% Maximum difference between reference and your implementation: 3.552714e-13.
