% number of repeats:% 3
% enter first, last, inc:% 48 480 48 
data = [
%  n          reference      |         current implementation 
%        time       GFLOPS   |    time       GFLOPS     diff 
   480 5.2706e-03 4.1965e+01    1.3758e-01 1.6077e+00 3.5527e-13
   432 3.6294e-03 4.4427e+01    9.6557e-02 1.6699e+00 3.1264e-13
   384 2.6034e-03 4.3499e+01    8.3616e-02 1.3544e+00 1.9895e-13
   336 1.6977e-03 4.4688e+01    4.4565e-02 1.7024e+00 1.7053e-13
   288 1.0551e-03 4.5281e+01    2.7837e-02 1.7163e+00 1.1369e-13
   240 6.0172e-04 4.5948e+01    1.5835e-02 1.7460e+00 4.2633e-14
   192 3.1644e-04 4.4735e+01    8.3350e-03 1.6983e+00 2.8422e-14
   144 1.4189e-04 4.2088e+01    3.1536e-03 1.8937e+00 2.8422e-14
    96 4.9024e-05 3.6094e+01    8.8855e-04 1.9914e+00 1.4211e-14
    48 1.0563e-05 2.0940e+01    8.4445e-05 2.6193e+00 7.1054e-15
];

% Maximum difference between reference and your implementation: 3.552714e-13.
