% number of repeats:% 3
% enter first, last, inc:% 48 1488 48 
data = [
%  n          reference      |         current implementation 
%        time       GFLOPS   |    time       GFLOPS     diff 
  1488 1.4292e-01 4.6105e+01    9.9554e-01 6.6188e+00 2.1600e-12
  1440 1.3188e-01 4.5282e+01    8.5629e-01 6.9742e+00 2.1032e-12
  1392 1.1889e-01 4.5372e+01    8.0059e-01 6.7381e+00 1.9327e-12
  1344 1.0764e-01 4.5110e+01    6.7172e-01 7.2283e+00 1.7621e-12
  1296 9.5829e-02 4.5431e+01    6.3957e-01 6.8070e+00 1.8190e-12
  1248 8.4707e-02 4.5894e+01    5.5868e-01 6.9585e+00 1.6485e-12
  1200 7.6792e-02 4.5005e+01    5.1125e-01 6.7600e+00 1.5348e-12
  1152 6.9362e-02 4.4082e+01    4.3937e-01 6.9592e+00 1.3642e-12
  1104 7.1750e-02 3.7507e+01    4.5559e-01 5.9069e+00 1.2506e-12
  1056 5.4219e-02 4.3438e+01    3.2458e-01 7.2560e+00 1.1937e-12
  1008 4.5523e-02 4.4997e+01    2.6784e-01 7.6478e+00 1.0232e-12
   960 3.9014e-02 4.5355e+01    2.2688e-01 7.7990e+00 1.0232e-12
   912 3.3308e-02 4.5548e+01    1.7974e-01 8.4407e+00 1.0800e-12
   864 2.9247e-02 4.4106e+01    1.4072e-01 9.1667e+00 8.5265e-13
   816 2.4392e-02 4.4551e+01    1.1113e-01 9.7784e+00 8.2423e-13
   768 2.0519e-02 4.4152e+01    9.4864e-02 9.5502e+00 7.1054e-13
   720 1.6609e-02 4.4945e+01    6.0975e-02 1.2243e+01 6.8212e-13
   672 1.4217e-02 4.2690e+01    4.7147e-02 1.2873e+01 5.6843e-13
   624 1.1061e-02 4.3934e+01    3.2463e-02 1.4969e+01 5.4001e-13
   576 8.7938e-03 4.3463e+01    2.7759e-02 1.3769e+01 4.8317e-13
   528 6.6701e-03 4.4137e+01    1.7360e-02 1.6958e+01 4.2633e-13
   480 4.9847e-03 4.4373e+01    1.3500e-02 1.6384e+01 3.1264e-13
   432 3.7023e-03 4.3552e+01    9.2704e-03 1.7393e+01 2.7001e-13
   384 2.5876e-03 4.3765e+01    9.1641e-03 1.2358e+01 2.2737e-13
   336 1.6517e-03 4.5933e+01    4.1665e-03 1.8209e+01 1.7053e-13
   288 1.0565e-03 4.5221e+01    2.5854e-03 1.8479e+01 9.9476e-14
   240 6.2567e-04 4.4190e+01    1.4232e-03 1.9427e+01 4.2633e-14
   192 3.1534e-04 4.4890e+01    7.1237e-04 1.9871e+01 2.8422e-14
   144 1.4061e-04 4.2473e+01    2.5206e-04 2.3693e+01 2.8422e-14
    96 4.8854e-05 3.6220e+01    7.2519e-05 2.4400e+01 1.0658e-14
    48 1.1284e-05 1.9602e+01    8.6170e-06 2.5668e+01 5.3291e-15
];

% Maximum difference between reference and your implementation: 2.160050e-12.
