% number of repeats:% 3
% enter first, last, inc:% 48 480 48 
data = [
%  n          reference      |         current implementation 
%        time       GFLOPS   |    time       GFLOPS     diff 
   480 5.5165e-03 4.0095e+01    1.3481e-01 1.6407e+00 3.5527e-13
   432 3.6322e-03 4.4393e+01    9.4197e-02 1.7118e+00 3.1264e-13
   384 2.4720e-03 4.5812e+01    7.9172e-02 1.4304e+00 1.9895e-13
   336 1.6960e-03 4.4731e+01    4.3982e-02 1.7250e+00 1.7053e-13
   288 1.1032e-03 4.3308e+01    2.7580e-02 1.7322e+00 1.1369e-13
   240 5.9978e-04 4.6097e+01    1.6087e-02 1.7187e+00 4.2633e-14
   192 3.1574e-04 4.4834e+01    7.9210e-03 1.7871e+00 2.8422e-14
   144 1.5589e-04 3.8309e+01    3.2646e-03 1.8293e+00 2.8422e-14
    96 4.8980e-05 3.6126e+01    9.4365e-04 1.8751e+00 1.4211e-14
    48 1.0449e-05 2.1168e+01    1.1875e-04 1.8625e+00 7.1054e-15
];

% Maximum difference between reference and your implementation: 3.552714e-13.
