% number of repeats:% 3
% enter first, last, inc:% 48 1488 48 
data = [
%  n          reference      |         current implementation 
%        time       GFLOPS   |    time       GFLOPS     diff 
  1488 1.6155e-01 4.0788e+01    9.8964e-01 6.6582e+00 2.1600e-12
  1440 1.5522e-01 3.8474e+01    8.5884e-01 6.9535e+00 2.1032e-12
  1392 1.3256e-01 4.0695e+01    8.0397e-01 6.7098e+00 1.9327e-12
  1344 1.1962e-01 4.0589e+01    6.3970e-01 7.5902e+00 1.7621e-12
  1296 1.1353e-01 3.8347e+01    6.6293e-01 6.5672e+00 1.8190e-12
  1248 9.4574e-02 4.1106e+01    5.5647e-01 6.9860e+00 1.6485e-12
  1200 8.3859e-02 4.1212e+01    5.1219e-01 6.7475e+00 1.5348e-12
  1152 7.5447e-02 4.0527e+01    3.9562e-01 7.7288e+00 1.3642e-12
  1104 6.5770e-02 4.0917e+01    3.9294e-01 6.8488e+00 1.2506e-12
  1056 5.6866e-02 4.1416e+01    3.2511e-01 7.2442e+00 1.1937e-12
  1008 5.0917e-02 4.0230e+01    2.8070e-01 7.2975e+00 1.0232e-12
   960 4.3638e-02 4.0549e+01    2.1626e-01 8.1821e+00 1.0232e-12
   912 3.9335e-02 3.8568e+01    1.9218e-01 7.8940e+00 1.0800e-12
   864 3.2021e-02 4.0284e+01    1.4614e-01 8.8266e+00 8.5265e-13
   816 2.5829e-02 4.2072e+01    1.1886e-01 9.1426e+00 8.2423e-13
   768 2.2209e-02 4.0792e+01    8.2644e-02 1.0962e+01 7.1054e-13
   720 1.6783e-02 4.4479e+01    6.1234e-02 1.2191e+01 6.8212e-13
   672 1.4544e-02 4.1729e+01    4.3635e-02 1.3909e+01 5.6843e-13
   624 1.1592e-02 4.1919e+01    3.1211e-02 1.5570e+01 5.4001e-13
   576 9.1736e-03 4.1664e+01    2.4458e-02 1.5627e+01 4.8317e-13
   528 6.9241e-03 4.2518e+01    1.3689e-02 2.1507e+01 4.2633e-13
   480 5.6477e-03 3.9164e+01    1.1316e-02 1.9547e+01 3.1264e-13
   432 4.0435e-03 3.9877e+01    7.2619e-03 2.2204e+01 2.7001e-13
   384 2.6586e-03 4.2596e+01    7.4365e-03 1.5229e+01 2.2737e-13
   336 1.7137e-03 4.4272e+01    3.3004e-03 2.2987e+01 1.7053e-13
   288 1.1989e-03 3.9848e+01    1.9259e-03 2.4807e+01 9.9476e-14
   240 6.3150e-04 4.3782e+01    1.2363e-03 2.2363e+01 4.2633e-14
   192 3.3426e-04 4.2350e+01    6.2570e-04 2.2624e+01 2.8422e-14
   144 1.4375e-04 4.1543e+01    1.8503e-04 3.2276e+01 2.8422e-14
    96 7.5204e-05 2.3529e+01    5.6041e-05 3.1575e+01 1.0658e-14
    48 1.1151e-05 1.9835e+01    5.5970e-06 3.9518e+01 5.3291e-15
];

% Maximum difference between reference and your implementation: 2.160050e-12.
