% number of repeats:% 3
% enter first, last, inc:% 48 1488 48 
data = [
%  n          reference      |         current implementation 
%        time       GFLOPS   |    time       GFLOPS     diff 
  1488 1.4594e-01 4.5151e+01    9.9700e-01 6.6091e+00 2.1600e-12
  1440 1.3432e-01 4.4459e+01    8.8261e-01 6.7662e+00 2.1032e-12
  1392 1.2178e-01 4.4296e+01    7.8693e-01 6.8551e+00 1.9327e-12
  1344 1.0996e-01 4.4156e+01    7.3880e-01 6.5720e+00 1.7621e-12
  1296 9.8846e-02 4.4044e+01    6.3482e-01 6.8579e+00 1.8758e-12
  1248 8.7619e-02 4.4369e+01    5.6669e-01 6.8601e+00 1.5916e-12
  1200 7.5956e-02 4.5500e+01    5.1006e-01 6.7757e+00 1.5348e-12
  1152 7.2615e-02 4.2108e+01    4.7505e-01 6.4365e+00 1.4211e-12
  1104 6.1138e-02 4.4017e+01    3.9319e-01 6.8445e+00 1.3074e-12
  1056 5.2068e-02 4.5232e+01    3.4275e-01 6.8714e+00 1.1937e-12
  1008 4.4961e-02 4.5559e+01    3.0019e-01 6.8235e+00 1.0232e-12
   960 3.9460e-02 4.4843e+01    2.6165e-01 6.7626e+00 9.9476e-13
   912 3.3650e-02 4.5085e+01    2.5873e-01 5.8636e+00 1.0800e-12
   864 2.8592e-02 4.5116e+01    1.8828e-01 6.8511e+00 8.5265e-13
   816 2.4679e-02 4.4032e+01    1.6875e-01 6.4397e+00 7.9581e-13
   768 2.0499e-02 4.4196e+01    1.6145e-01 5.6114e+00 7.3896e-13
   720 1.6425e-02 4.5450e+01    1.1012e-01 6.7789e+00 6.8212e-13
   672 1.3594e-02 4.4647e+01    8.9138e-02 6.8089e+00 5.9686e-13
   624 1.0913e-02 4.4528e+01    7.1775e-02 6.7704e+00 5.4001e-13
   576 8.8297e-03 4.3286e+01    5.8467e-02 6.5371e+00 4.8317e-13
   528 6.6246e-03 4.4440e+01    4.3155e-02 6.8218e+00 4.2633e-13
   480 4.8247e-03 4.5844e+01    3.2982e-02 6.7062e+00 3.1264e-13
   432 3.7120e-03 4.3438e+01    2.2993e-02 7.0128e+00 2.7001e-13
   384 2.4936e-03 4.5415e+01    1.7185e-02 6.5897e+00 2.2737e-13
   336 1.7609e-03 4.3084e+01    1.0372e-02 7.3146e+00 1.7053e-13
   288 1.0769e-03 4.4365e+01    6.2710e-03 7.6185e+00 1.1369e-13
   240 6.0101e-04 4.6003e+01    3.6366e-03 7.6027e+00 4.2633e-14
   192 3.1504e-04 4.4933e+01    1.7732e-03 7.9832e+00 3.5527e-14
   144 1.4132e-04 4.2258e+01    7.3371e-04 8.1394e+00 2.8422e-14
    96 4.8945e-05 3.6152e+01    2.0323e-04 8.7066e+00 1.4211e-14
    48 1.0542e-05 2.0981e+01    2.5488e-05 8.6780e+00 7.1054e-15
];

% Maximum difference between reference and your implementation: 2.160050e-12.
