% number of repeats:% 3
% enter first, last, inc:% 48 480 48 
data = [
%  n          reference      |         current implementation 
%        time       GFLOPS   |    time       GFLOPS     diff 
   480 5.8419e-03 3.7862e+01    1.2625e-01 1.7520e+00 3.5527e-13
   432 3.6055e-03 4.4721e+01    9.0746e-02 1.7769e+00 3.1264e-13
   384 2.5838e-03 4.3829e+01    7.4264e-02 1.5249e+00 1.9895e-13
   336 1.6380e-03 4.6316e+01    4.2515e-02 1.7845e+00 1.7053e-13
   288 1.1314e-03 4.2228e+01    2.6798e-02 1.7828e+00 1.1369e-13
   240 6.9260e-04 3.9919e+01    1.5872e-02 1.7420e+00 4.2633e-14
   192 3.5165e-04 4.0255e+01    7.6929e-03 1.8401e+00 2.8422e-14
   144 1.5481e-04 3.8577e+01    3.1999e-03 1.8663e+00 2.8422e-14
    96 4.8611e-05 3.6401e+01    9.1986e-04 1.9236e+00 1.4211e-14
    48 1.0518e-05 2.1029e+01    1.1526e-04 1.9190e+00 7.1054e-15
];

% Maximum difference between reference and your implementation: 3.552714e-13.
