% number of repeats:% 3
% enter first, last, inc:% 48 480 48 
data = [
%  n          reference      |         current implementation 
%        time       GFLOPS   |    time       GFLOPS     diff 
   480 5.4777e-03 4.0379e+01    1.4281e-01 1.5488e+00 3.5527e-13
   432 3.7212e-03 4.3331e+01    9.9596e-02 1.6190e+00 3.1264e-13
   384 2.6503e-03 4.2729e+01    8.7334e-02 1.2967e+00 1.9895e-13
   336 1.7623e-03 4.3048e+01    4.6194e-02 1.6423e+00 1.7053e-13
   288 1.1238e-03 4.2512e+01    2.9551e-02 1.6167e+00 1.1369e-13
   240 6.1233e-04 4.5152e+01    1.6472e-02 1.6785e+00 4.2633e-14
   192 3.1694e-04 4.4664e+01    8.6357e-03 1.6392e+00 2.8422e-14
   144 1.5055e-04 3.9668e+01    3.2997e-03 1.8098e+00 2.8422e-14
    96 4.9083e-05 3.6051e+01    9.2464e-04 1.9137e+00 1.4211e-14
    48 2.4283e-05 9.1086e+00    8.4512e-05 2.6172e+00 7.1054e-15
];

% Maximum difference between reference and your implementation: 3.552714e-13.
