% number of repeats:% 3
% enter first, last, inc:% 48 1488 48 
data = [
%  n          reference      |         current implementation 
%        time       GFLOPS   |    time       GFLOPS     diff 
  1488 1.4615e-01 4.5085e+01    1.2010e+00 5.4867e+00 2.1600e-12
  1440 1.3400e-01 4.4568e+01    8.4311e-01 7.0833e+00 2.1032e-12
  1392 1.2128e-01 4.4479e+01    7.7349e-01 6.9742e+00 1.9327e-12
  1344 1.1011e-01 4.4098e+01    7.0310e-01 6.9058e+00 1.7621e-12
  1296 9.7387e-02 4.4704e+01    6.0433e-01 7.2039e+00 1.8758e-12
  1248 8.6890e-02 4.4741e+01    5.5455e-01 7.0103e+00 1.5916e-12
  1200 7.6019e-02 4.5462e+01    4.9004e-01 7.0525e+00 1.5348e-12
  1152 6.7196e-02 4.5503e+01    4.6422e-01 6.5866e+00 1.4211e-12
  1104 5.9375e-02 4.5324e+01    3.9533e-01 6.8073e+00 1.3074e-12
  1056 5.1657e-02 4.5593e+01    3.3648e-01 6.9995e+00 1.1937e-12
  1008 4.4440e-02 4.6093e+01    2.9500e-01 6.9437e+00 1.0232e-12
   960 3.9870e-02 4.4382e+01    2.5850e-01 6.8451e+00 9.9476e-13
   912 3.3317e-02 4.5536e+01    2.3656e-01 6.4133e+00 1.0800e-12
   864 2.8495e-02 4.5270e+01    1.7957e-01 7.1835e+00 8.5265e-13
   816 2.4496e-02 4.4362e+01    1.6222e-01 6.6988e+00 7.9581e-13
   768 2.2281e-02 4.0661e+01    1.5651e-01 5.7884e+00 7.3896e-13
   720 1.6618e-02 4.4921e+01    1.0615e-01 7.0324e+00 6.8212e-13
   672 1.3972e-02 4.3440e+01    9.1022e-02 6.6679e+00 5.9686e-13
   624 1.1917e-02 4.0776e+01    7.8289e-02 6.2070e+00 5.4001e-13
   576 1.0118e-02 3.7776e+01    6.5497e-02 5.8355e+00 4.8317e-13
   528 7.2869e-03 4.0401e+01    4.6763e-02 6.2955e+00 4.2633e-13
   480 5.4353e-03 4.0694e+01    3.4792e-02 6.3573e+00 3.1264e-13
   432 3.8630e-03 4.1740e+01    2.4859e-02 6.4862e+00 2.7001e-13
   384 2.8239e-03 4.0103e+01    1.8450e-02 6.1379e+00 2.2737e-13
   336 1.8676e-03 4.0622e+01    1.1493e-02 6.6012e+00 1.7053e-13
   288 1.1056e-03 4.3212e+01    6.6995e-03 7.1313e+00 1.1369e-13
   240 7.9074e-04 3.4965e+01    3.9714e-03 6.9618e+00 4.2633e-14
   192 3.3107e-04 4.2758e+01    1.9608e-03 7.2193e+00 3.5527e-14
   144 1.4844e-04 4.0232e+01    7.6955e-04 7.7604e+00 2.8422e-14
    96 5.5924e-05 3.1641e+01    2.3247e-04 7.6117e+00 1.4211e-14
    48 1.1863e-05 1.8645e+01    2.6878e-05 8.2292e+00 7.1054e-15
];

% Maximum difference between reference and your implementation: 2.160050e-12.
