% number of repeats:% 3
% enter first, last, inc:% 48 1488 48 
data = [
%  n          reference      |         current implementation 
%        time       GFLOPS   |    time       GFLOPS     diff 
  1488 1.4676e-01 4.4899e+01    1.4825e+00 4.4446e+00 2.1600e-12
  1440 1.4112e-01 4.2318e+01    1.3760e+00 4.3401e+00 2.1032e-12
  1392 1.2470e-01 4.3259e+01    1.2063e+00 4.4717e+00 1.9327e-12
  1344 1.0981e-01 4.4215e+01    1.0728e+00 4.5259e+00 1.7621e-12
  1296 1.0061e-01 4.3272e+01    9.5312e-01 4.5677e+00 1.8758e-12
  1248 8.5741e-02 4.5340e+01    8.4658e-01 4.5920e+00 1.5916e-12
  1200 7.7615e-02 4.4527e+01    7.4840e-01 4.6178e+00 1.5348e-12
  1152 6.9985e-02 4.3690e+01    6.7027e-01 4.5618e+00 1.4211e-12
  1104 5.9611e-02 4.5145e+01    5.6514e-01 4.7619e+00 1.3074e-12
  1056 5.2228e-02 4.5094e+01    4.8516e-01 4.8544e+00 1.1937e-12
  1008 4.7852e-02 4.2806e+01    4.1749e-01 4.9064e+00 1.0232e-12
   960 3.9290e-02 4.5036e+01    3.4612e-01 5.1123e+00 9.9476e-13
   912 4.1563e-02 3.6501e+01    2.9207e-01 5.1944e+00 1.0800e-12
   864 2.8724e-02 4.4908e+01    2.2597e-01 5.7085e+00 8.5265e-13
   816 2.4450e-02 4.4446e+01    1.7546e-01 6.1934e+00 7.9581e-13
   768 2.0749e-02 4.3664e+01    1.4904e-01 6.0786e+00 7.3896e-13
   720 2.0434e-02 3.6532e+01    1.1862e-01 6.2932e+00 6.8212e-13
   672 1.6516e-02 3.6748e+01    9.1971e-02 6.5991e+00 5.9686e-13
   624 1.0944e-02 4.4401e+01    6.9836e-02 6.9583e+00 5.4001e-13
   576 9.6460e-03 3.9623e+01    6.3913e-02 5.9801e+00 4.8317e-13
   528 6.7674e-03 4.3502e+01    4.1179e-02 7.1491e+00 4.2633e-13
   480 4.9778e-03 4.4434e+01    3.1502e-02 7.0213e+00 3.1264e-13
   432 3.5892e-03 4.4924e+01    2.2537e-02 7.1547e+00 2.7001e-13
   384 2.5134e-03 4.5058e+01    1.6085e-02 7.0403e+00 2.2737e-13
   336 1.7823e-03 4.2567e+01    1.1878e-02 6.3873e+00 1.7053e-13
   288 1.1782e-03 4.0548e+01    6.8889e-03 6.9351e+00 1.1369e-13
   240 6.0753e-04 4.5509e+01    3.8351e-03 7.2092e+00 4.2633e-14
   192 3.5289e-04 4.0114e+01    1.8787e-03 7.5349e+00 3.5527e-14
   144 1.4959e-04 3.9922e+01    7.5092e-04 7.9529e+00 2.8422e-14
    96 5.2021e-05 3.4015e+01    2.1907e-04 8.0771e+00 1.4211e-14
    48 1.1196e-05 1.9756e+01    2.6026e-05 8.4986e+00 7.1054e-15
];

% Maximum difference between reference and your implementation: 2.160050e-12.
