% number of repeats:% 3
% enter first, last, inc:% 48 480 48 
data = [
%  n          reference      |         current implementation 
%        time       GFLOPS   |    time       GFLOPS     diff 
   480 5.1666e-03 4.2811e+01    2.2314e-01 9.9123e-01 3.5527e-13
   432 3.5592e-03 4.5303e+01    1.3533e-01 1.1915e+00 3.1264e-13
   384 2.5644e-03 4.4160e+01    2.2873e-01 4.9511e-01 1.9895e-13
   336 1.6890e-03 4.4919e+01    6.2561e-02 1.2127e+00 1.7053e-13
   288 1.0597e-03 4.5084e+01    4.3397e-02 1.1009e+00 1.1369e-13
   240 6.1593e-04 4.4888e+01    1.8806e-02 1.4702e+00 4.2633e-14
   192 3.1575e-04 4.4832e+01    1.3140e-02 1.0773e+00 2.8422e-14
   144 1.6154e-04 3.6970e+01    2.9460e-03 2.0272e+00 2.8422e-14
    96 4.8755e-05 3.6293e+01    9.0969e-04 1.9451e+00 1.4211e-14
    48 1.0594e-05 2.0878e+01    6.5223e-05 3.3912e+00 7.1054e-15
];

% Maximum difference between reference and your implementation: 3.552714e-13.
